 PROLOGUE 1
 XSCALE       0.100000E-06       5.00000    
 YSCALE       0.734109E-07      0.817291E-07
 XTEXT TIME
 YTEXT LAMELLAR_SPACING
 XTYPE LINEAR
 YTYPE LINEAR
 XLENGTH        11.5000    
 YLENGTH        11.5000    
 TITLE   
 DATASET 1
 CLIP OFF
    0.00000    1.12000 NAM' UPPER INTERFACE OF REGION "PEARLITE#1"
 1.05 1.05 MNA' CELL #   1
 CLIP ON
 $ X-AXIS = TIME      Y-AXIS = LS(PEARLITE#1)
 BLOCK X=C1; Y=C2;       GOC=C3,WAD;
  1.0000000000E-07  8.1729097854E-08 M          
  7.6710320865E-04  8.1725531655E-08
  2.3011096259E-03  8.1718401080E-08
  5.3691224605E-03  8.1704143588E-08
  1.1505148130E-02  8.1675643210E-08
  2.3777199468E-02  8.1618700745E-08
  4.8321302145E-02  8.1505048473E-08
  9.7409507498E-02  8.1278670297E-08
  1.9558591821E-01  8.0829585584E-08
  2.9558591821E-01  8.0377126181E-08
  3.9558591821E-01  7.9929600681E-08
  4.9558591821E-01  7.9486931551E-08
  5.9558591821E-01  7.9049042856E-08
  6.9558591821E-01  7.8615860227E-08
  7.9558591821E-01  7.8187310814E-08
  8.9558591821E-01  7.7763323249E-08
  9.9558591821E-01  7.7343827616E-08
  1.0955859182E+00  7.6928755393E-08
  1.1955859182E+00  7.6518039442E-08
  1.2955859182E+00  7.6111613965E-08
  1.3955859182E+00  7.5709414478E-08
  1.4955859182E+00  7.5311377749E-08
  1.5955859182E+00  7.4917441793E-08
  1.6955859182E+00  7.4527545879E-08
  1.7955859182E+00  7.4141630393E-08
  1.8955859182E+00  7.3759636915E-08
  1.9877734182E+00  7.3410911599E-08
 BLOCKEND
 $ X-AXIS = TIME      Y-AXIS = LS(PEARLITE#1)
 BLOCK X=C1; Y=C2;       GOC=C3,WAD;
  1.8955859182E+00  7.3759636915E-08 M
  1.9877734182E+00  7.3410911599E-08
  1.9877834182E+00  7.3410911599E-08
  1.9977834182E+00  7.3410911599E-08
  2.0977834182E+00  7.3410911599E-08
  2.1977834182E+00  7.3410911599E-08
  2.2977834182E+00  7.3410911599E-08
  2.3977834182E+00  7.3410911599E-08
  2.4977834182E+00  7.3410911599E-08
  2.5977834182E+00  7.3410911599E-08
  2.6977834182E+00  7.3410911599E-08
  2.7977834182E+00  7.3410911599E-08
  2.8977834182E+00  7.3410911599E-08
  2.9977834182E+00  7.3410911599E-08
  3.0977834182E+00  7.3410911599E-08
  3.1977834182E+00  7.3410911599E-08
  3.2977834182E+00  7.3410911599E-08
  3.3977834182E+00  7.3410911599E-08
  3.4977834182E+00  7.3410911599E-08
  3.5977834182E+00  7.3410911599E-08
  3.6977834182E+00  7.3410911599E-08
  3.7977834182E+00  7.3410911599E-08
  3.8977834182E+00  7.3410911599E-08
  3.9977834182E+00  7.3410911599E-08
  4.0977834182E+00  7.3410911599E-08
  4.1977834182E+00  7.3410911599E-08
  4.2977834182E+00  7.3410911599E-08
  4.3977834182E+00  7.3410911599E-08
  4.4977834182E+00  7.3410911599E-08
  4.5977834182E+00  7.3410911599E-08
  4.6977834182E+00  7.3410911599E-08
  4.7977834182E+00  7.3410911599E-08
  4.8977834182E+00  7.3410911599E-08
  4.9977834182E+00  7.3410911599E-08
  5.0000000000E+00  7.3410911599E-08
 BLOCKEND
